001 -0.299636 -0.753338 -0.138828 -0.160607 0.079351 0.022417 0.983568 
002 -0.030122 -0.767338 -0.092911 -0.174575 -0.036727 -0.031660 0.983449 
003 0.459497 -0.818704 0.077008 -0.171628 -0.257501 -0.133887 0.941441 
004 0.823991 -0.924332 0.441979 -0.152418 -0.468294 -0.231478 0.838980 
005 0.960418 -1.067580 0.968759 -0.121221 -0.654076 -0.311930 0.678373 
006 0.809417 -1.190530 1.440540 -0.092161 -0.785769 -0.373865 0.484043 
007 0.476145 -1.286410 1.814110 -0.050567 -0.870200 -0.409698 0.268964 
008 -0.063595 -1.314170 1.940900 -0.005090 -0.905720 -0.423539 0.016122 
009 -0.633672 -1.283550 1.844850 -0.038465 0.878749 0.405884 0.248152 
010 -1.128010 -1.126930 1.287430 -0.095986 0.745020 0.342881 0.564061 
011 -0.961250 -0.858697 0.301370 -0.155318 0.401808 0.179388 0.884447 
012 -0.612007 -0.790440 0.019686 -0.170780 0.219227 0.091312 0.956261 
013 -0.095174 -0.105108 -0.106506 0.088191 -0.004082 -0.012109 0.996022 
014 0.335297 -0.119647 -0.078616 0.086914 -0.170795 -0.041209 0.980600 
015 0.812999 -0.220675 0.265763 0.081652 -0.392360 -0.077684 0.912881 
016 1.139660 -0.400127 0.928039 0.062630 -0.651425 -0.122844 0.746078 
017 1.073290 -0.585849 1.631100 0.042426 -0.830723 -0.150408 0.534301 
018 0.616211 -0.711441 2.121890 0.021507 -0.942001 -0.167844 0.289828 
019 0.017584 -0.773685 2.365980 0.004424 -0.983821 -0.172953 0.046526 
020 -0.807619 -0.711189 2.172520 0.028322 0.945951 0.163385 0.278712 
021 -1.283270 -0.541418 1.566920 0.052225 0.824174 0.140823 0.546057 
022 -1.330620 -0.293261 0.657091 0.075789 0.568544 0.092401 0.813926 
023 -0.760807 -0.139474 0.058024 0.088437 0.263402 0.036297 0.959938 
024 -0.305970 -0.101274 -0.108587 0.088538 0.082452 0.002465 0.992651 
025 -0.258922 0.238137 0.154587 0.267479 0.077736 -0.009926 0.960372 
026 0.244322 0.220922 0.187755 0.263611 -0.153614 -0.009615 0.952271 
027 0.732279 0.122946 0.519576 0.241415 -0.429738 -0.004203 0.870073 
028 0.959078 -0.000586 0.981335 0.202003 -0.635271 -0.002579 0.745398 
029 0.915075 -0.198448 1.737780 0.124645 -0.864624 -0.005603 0.486680 
030 0.191572 -0.362090 2.381440 0.031563 -0.992301 -0.018647 0.118297 
031 -0.708030 -0.332393 2.316350 0.058138 0.970512 0.024589 0.232642 
032 -1.374710 -0.094316 1.468450 0.150986 0.783752 0.012926 0.602303 
033 -1.242150 0.169659 0.497074 0.206967 0.476696 0.007051 0.854328 
034 -0.643685 0.284807 0.041212 0.227268 0.217282 -0.002646 0.949279 
